dx:       1.0e-9
dy:       1.0e-9
c:        299792458.0
ev_to_radsec: 1519274207276024.0
omega_ev: 2.7
E0:       1   
Nx_loc:   140
Ny_loc:   150
dims_x:   6
dims_y:   8
Nx:       840
Ny:      1200  
dt:       1.6678204759907604e-18
t_final: 300.0e-15 
Nt:      179875
time_skip: 30
time_num: 30
Nt_print: 178975
ms:         7
js:         68
radius:    100.2525256456e-9
dp:        3.33564e-29
ev_to_J:   1.602176565e-19
